timesteps,rewards
16,16.0
40,24.0
65,25.0
81,16.0
101,20.0
116,15.0
128,12.0
149,21.0
163,14.0
184,21.0
224,40.0
239,15.0
253,14.0
266,13.0
280,14.0
293,13.0
318,25.0
340,22.0
358,18.0
377,19.0
406,29.0
429,23.0
446,17.0
455,9.0
474,19.0
485,11.0
500,15.0
516,16.0
529,13.0
591,62.0
628,37.0
665,37.0
696,31.0
725,29.0
739,14.0
770,31.0
824,54.0
940,116.0
958,18.0
982,24.0
1071,89.0
1119,48.0
1169,50.0
1189,20.0
1206,17.0
1229,23.0
1253,24.0
1275,22.0
1307,32.0
1324,17.0
1354,30.0
1380,26.0
1396,16.0
1414,18.0
1437,23.0
1448,11.0
1519,71.0
1631,112.0
1705,74.0
1824,119.0
1873,49.0
1931,58.0
2044,113.0
2057,13.0
2084,27.0
2108,24.0
2148,40.0
2221,73.0
2282,61.0
2315,33.0
2379,64.0
2403,24.0
2427,24.0
2458,31.0
2499,41.0
2534,35.0
2558,24.0
2585,27.0
2598,13.0
2612,14.0
2642,30.0
2662,20.0
2712,50.0
2763,51.0
2797,34.0
2827,30.0
2844,17.0
2871,27.0
2970,99.0
3053,83.0
3070,17.0
3127,57.0
3175,48.0
3196,21.0
3241,45.0
3286,45.0
3332,46.0
3395,63.0
3409,14.0
3433,24.0
3479,46.0
3489,10.0
3499,10.0
3565,66.0
3583,18.0
3604,21.0
3633,29.0
3667,34.0
3714,47.0
3773,59.0
3800,27.0
3827,27.0
3847,20.0
3883,36.0
3935,52.0
3974,39.0
4036,62.0
4053,17.0
4074,21.0
4114,40.0
4212,98.0
4238,26.0
4271,33.0
4323,52.0
4341,18.0
4370,29.0
4408,38.0
4450,42.0
4528,78.0
4545,17.0
4599,54.0
4664,65.0
4711,47.0
4752,41.0
4785,33.0
4818,33.0
4915,97.0
5002,87.0
5097,95.0
5229,132.0
5301,72.0
5369,68.0
5414,45.0
5443,29.0
5472,29.0
5514,42.0
5590,76.0
5676,86.0
5724,48.0
5788,64.0
5876,88.0
5945,69.0
6021,76.0
6063,42.0
6109,46.0
6160,51.0
6227,67.0
6282,55.0
6341,59.0
6387,46.0
6451,64.0
6529,78.0
6576,47.0
6614,38.0
6627,13.0
6665,38.0
6691,26.0
6728,37.0
6803,75.0
6855,52.0
6973,118.0
7084,111.0
7155,71.0
7198,43.0
7232,34.0
7249,17.0
7333,84.0
7385,52.0
7424,39.0
7480,56.0
7532,52.0
7584,52.0
7628,44.0
7666,38.0
7704,38.0
7744,40.0
7904,160.0
7973,69.0
8042,69.0
8163,121.0
8276,113.0
8326,50.0
8392,66.0
8450,58.0
8495,45.0
8544,49.0
8612,68.0
8663,51.0
8699,36.0
8766,67.0
8859,93.0
8933,74.0
8961,28.0
9089,128.0
9159,70.0
9230,71.0
9390,160.0
9567,177.0
9662,95.0
9779,117.0
9831,52.0
9946,115.0
9986,40.0
10084,98.0
10169,85.0
10207,38.0
10265,58.0
10325,60.0
10434,109.0
10522,88.0
10586,64.0
10694,108.0
10737,43.0
10796,59.0
10858,62.0
11013,155.0
11149,136.0
11216,67.0
11333,117.0
11410,77.0
11583,173.0
11714,131.0
11780,66.0
11911,131.0
11950,39.0
12073,123.0
12214,141.0
12301,87.0
12475,174.0
12659,184.0
12770,111.0
12872,102.0
12911,39.0
12983,72.0
13055,72.0
13138,83.0
13208,70.0
13390,182.0
13499,109.0
13602,103.0
13738,136.0
13964,226.0
14079,115.0
14118,39.0
14164,46.0
14313,149.0
14471,158.0
14681,210.0
14861,180.0
14933,72.0
15040,107.0
15151,111.0
15341,190.0
15499,158.0
15599,100.0
15776,177.0
15834,58.0
15991,157.0
16082,91.0
16225,143.0
16314,89.0
16398,84.0
16466,68.0
16574,108.0
16663,89.0
16823,160.0
16976,153.0
17244,268.0
17393,149.0
17657,264.0
17836,179.0
17940,104.0
18138,198.0
18302,164.0
18389,87.0
18577,188.0
18695,118.0
18847,152.0
19060,213.0
19223,163.0
19417,194.0
19560,143.0
19687,127.0
19838,151.0
19985,147.0
20276,291.0
20364,88.0
20426,62.0
20589,163.0
20754,165.0
21002,248.0
21287,285.0
21455,168.0
21595,140.0
21917,322.0
22224,307.0
22436,212.0
22720,284.0
22880,160.0
23019,139.0
23136,117.0
23326,190.0
23451,125.0
23598,147.0
23792,194.0
23951,159.0
24072,121.0
24294,222.0
24533,239.0
24623,90.0
24647,24.0
24853,206.0
24951,98.0
25169,218.0
25400,231.0
25791,391.0
26219,428.0
26505,286.0
26752,247.0
27017,265.0
27395,378.0
27660,265.0
28002,342.0
28180,178.0
28283,103.0
28489,206.0
28649,160.0
28756,107.0
29206,450.0
29363,157.0
29506,143.0
29639,133.0
29776,137.0
29913,137.0
30102,189.0
30203,101.0
30421,218.0
30567,146.0
30709,142.0
30888,179.0
31104,216.0
31142,38.0
31351,209.0
31516,165.0
31595,79.0
31735,140.0
32031,296.0
32209,178.0
32297,88.0
32506,209.0
32655,149.0
32753,98.0
32900,147.0
33056,156.0
33167,111.0
33423,256.0
33502,79.0
33731,229.0
33869,138.0
34076,207.0
34512,436.0
34679,167.0
34969,290.0
35078,109.0
35732,654.0
35955,223.0
36120,165.0
36525,405.0
36677,152.0
36884,207.0
37100,216.0
37364,264.0
37744,380.0
38404,660.0
38676,272.0
38887,211.0
39073,186.0
39225,152.0
39457,232.0
39614,157.0
39888,274.0
40125,237.0
40303,178.0
40438,135.0
40717,279.0
40878,161.0
40985,107.0
41305,320.0
41419,114.0
41557,138.0
41781,224.0
41968,187.0
42189,221.0
42363,174.0
42538,175.0
42712,174.0
42893,181.0
43039,146.0
43185,146.0
43379,194.0
43524,145.0
43758,234.0
43941,183.0
44121,180.0
44341,220.0
44574,233.0
44707,133.0
44863,156.0
45069,206.0
45293,224.0
45616,323.0
45907,291.0
46200,293.0
46445,245.0
46644,199.0
46889,245.0
47388,499.0
47797,409.0
47928,131.0
48204,276.0
48339,135.0
48746,407.0
49194,448.0
49334,140.0
49515,181.0
49956,441.0
50000,44.0
